Mateusz 0 5000 0 0.00 10.83 0.00 0
Mateusz 0 5000 600 0.00 10.83 2.38 5600
Piotrek 0 0 6800 0.00 0.00 26.20 1800
Unknown 0 0 0 0.00 0.00 0.00 0
Unknown 0 0 0 0.00 0.00 0.00 0
Unknown 0 5200 0 0.00 2.47 0.00 200
Unknown 0 5200 600 0.00 2.47 1.81 5800
Unknown 0 0 0 0.00 0.00 0.00 0
Unknown 0 5100 0 0.00 12.26 0.00 100
Unknown 0 0 100 0.00 0.00 6.56 100
Unknown 0 5700 0 0.00 16.67 0.00 700
Unknown 0 5700 5100 0.00 16.67 10.70 5800
Unknown 9900 5700 5100 33.42 16.67 10.70 15700
Pawel 0 5600 0 0.00 24.01 0.00 600
Unknown 0 8400 0 0.00 40.63 0.00 3400
Unknown 0 8400 600 0.00 40.63 2.64 9000
